### TEST CASES ###
3
3
0.1 0.1 0.1
0.5 0.3 0.1
0.1 0.1 0.1
1000 1000 1000
2000 2000 2000
--------------------------------
[{0,1,2}]   ->  migrate vms: 1,
[{0,2}{1}]  ->  migrate vms: 1,
[{0,1,2}]   ->  migrate vms:
================================

5
5
0.1 0.2 0.1 0.1 0.2
0.5 0.7 0.1 0.1 0.2
0.1 0.1 0.7 0.1 0.2
0.6 0.7 0.8 0.1 0.2
0.1 0.6 0.8 0.1 0.2
1000 1000 1000 1000 1000
2000 2000 2000 2000 2000
--------------------------------
================================


7
7
0.1 0.2 0.1 0.5 0.2 0.5 0.2
0.5 0.7 0.1 0.1 0.2 0.5 0.2
0.1 0.1 0.7 0.1 0.2 0.5 0.2
0.6 0.7 0.8 0.1 0.2 0.5 0.2
0.1 0.6 0.8 0.1 0.2 0.5 0.2
0.1 0.6 0.8 0.1 0.2 0.5 0.2
0.1 0.6 0.8 0.1 0.2 0.5 0.2
1000 1000 1000 1000 1000 1000 1000
2000 2000 2000 2000 2000 2000 2000
--------------------------------
================================
